RAMDON_SEED = 1

data_divide_amount = 15
frames_per_data = 75

test_split = 0.8
validation_split = 0.25

epochs = 1000
batch_size = 976

cost_time: 0:30:27.075228
test_loss: 0.006373144686222076
test_accuracy: 0.9973094463348389
original_loss (all data): 0.0043869949877262115
original_accuracy (all data): 0.9981934428215027

Score by 'last' model: 0.9983107440674699
Score by 'min val_loss' model: 0.9986385248186791
Score by 'max val_accuracy' model: 0.9986385248186791
