RAMDON_SEED = 1

frames_per_data = 7
data_split_percentage = 0.6
epochs = 2500
batch_size = 5203

accuracy = 0.9873198866844177
score = 0.9666634576671751
