RAMDON_SEED = 2

data_divide_amount = 1
frames_per_data = 11

epochs = 1000
batch_size = 87075

cost_time: 0:04:08.921257
validation_loss: 5.130429744720459
validation_accuracy: 0.3624412715435028
original_loss (all data): 3.6552698612213135
original_accuracy (all data): 0.45576271414756775

Score by 'last' model: 0.43349564423604653
Score by 'min val_loss' model: 0.4101784083906657
Score by 'max val_accuracy' model: 0.4438990254689768
