RAMDON_SEED = 1

EPOCHS = 1000
BATCH_SIZE = 50000
PATIENCE = 50

data_divide_amount = 1
frames_per_data = 25

cost_time: 0:00:44.969404

Score by 'last' model: [0.4497721526732368, 0.4244327203759468, 0.4958650555138837]
Score by 'min val_loss' model: [0.45880196620995317, 0.43333778043508286, 0.5053653850325027]
Score by 'max val_accuracy' model: [0.46356941151050063, 0.4380481853806033, 0.5100807505568522]
