RAMDON_SEED = 1

data_divide_amount = 20
frames_per_data = 45

test_split = 0.8
validation_split = 0.25
train data proportion:  1%
test data proportion: 20%
validation data proportion:  0%

epochs = 100
batch_size = 1301

cost_time: 0:02:11.197810
test_loss: 0.006571546196937561
test_accuracy: 0.9973766803741455
original_loss (all data): 0.005296725779771805
original_accuracy (all data): 0.9979531764984131
score: 0.9977353041003063
