RAMDON_SEED = 1

data_divide_amount = 1
frames_per_data = 11

epochs = 1000
batch_size = 174511

cost_time: 0:02:32.532154

Score by 'last' model: 0.44072241670602924
Score by 'min val_loss' model: 0.4460040962905549
Score by 'max val_accuracy' model: 0.4487134428735082
