RAMDON_SEED = 1

data_divide_amount = 5
frames_per_data = 25

test_split = 0.8
validation_split = 0.25

epochs = 500
batch_size = 28418

cost_time: 0:00:58.997196
test_loss: 4.176019668579102
test_accuracy: 0.46944281458854675
original_loss (all data): 2.649298906326294
original_accuracy (all data): 0.6793054938316345

Score by 'last' model: 0.7023608848792068
Score by 'min val_loss' model: 0.5361912794546455
Score by 'max val_accuracy' model: 0.6321308521753684
