RAMDON_SEED = 1

EPOCHS = 10
BATCH_SIZE = 30000
PATIENCE = 100

data_divide_amount = 1
frames_per_data = 5

cost_time: 0:00:24.637003

Score by 'last' model: 0.43641669150912216
Score by 'min val_loss' model: 0.4334770982719297
Score by 'max val_accuracy' model: 0.4450430311477742
