RAMDON_SEED = 1

frames_per_data = 7
data_split_percentage = 0.6
epochs = 500
batch_size = 11

accuracy = 0.9881844520568848
score = 0.9896673212333739
