RAMDON_SEED = 1

data_divide_amount = 1
frames_per_data = 21

epochs = 1000
batch_size = 305286

cost_time: 0:02:39.887896

Score by 'last' model: 0.4779399079727986
Score by 'min val_loss' model: 0.4884778280283812
Score by 'max val_accuracy' model: 0.48657792307294184
