RAMDON_SEED = 1

data_divide_amount = 3
frames_per_data = 9

epochs = 1000
batch_size = 174511

cost_time: 0:03:03.028204

Score by 'last' model: 0.43032842030634216
Score by 'min val_loss' model: 0.43643309573085814
Score by 'max val_accuracy' model: 0.44032494013059625
