RAMDON_SEED = 1

data_divide_amount = 1
frames_per_data = 15

epochs = 1000
batch_size = 174511

cost_time: 0:03:06.170454

Score by 'last' model: 0.49620560751075354
Score by 'min val_loss' model: 0.5004808409723601
Score by 'max val_accuracy' model: 0.5035861130297877
