RAMDON_SEED = 1

frames_per_data = 7
data_split_percentage = 0.6
epochs = 200
batch_size = 11

accuracy = 0.9809798002243042
score = 0.9867071147918336
