RAMDON_SEED = 1

data_divide_amount = 15
frames_per_data = 45

test_split = 0.8
validation_split = 0.25

epochs = 2500
batch_size = 976

cost_time: 0:43:50.339373
test_loss: 0.003457871498540044
test_accuracy: 0.9985778331756592
original_loss (all data): 0.0018687427509576082
original_accuracy (all data): 0.9992005228996277

Score by 'last' model: 0.99895769504977
Score by 'min val_loss' model: 0.9991772831756197
Score by 'max val_accuracy' model: 0.9992048924558204
