RAMDON_SEED = 1

data_divide_amount = 1
frames_per_data = 21

epochs = 3000
batch_size = 305600

cost_time: 0:05:21.982129

Score by 'last' model: 0.4954519394537995
Score by 'min val_loss' model: 0.5060006887335334
Score by 'max val_accuracy' model: 0.5100880209459221
