RAMDON_SEED = 1

data_divide_amount = 15
frames_per_data = 45

test_split = 0.8
validation_split = 0.25

epochs = 100
batch_size = 976

cost_time: 0:01:49.766754
test_loss: 0.007665602490305901
test_accuracy: 0.9967328906059265
original_loss (all data): 0.005978741217404604
original_accuracy (all data): 0.9974631071090698

Score by 'last' model: 0.997461833186785
Score by 'min val_loss' model: 0.9978904126392149
Score by 'max val_accuracy' model: 0.9980752508113173
