RAMDON_SEED = 1

frames_per_data = 7
data_split_percentage = 0.6
epochs = 200
batch_size = 11

accuracy = 0.9873198866844177
score = 0.9688920926688813
