RAMDON_SEED = 1

frames_per_data = 7
data_split_percentage = 0.6
epochs = 200
batch_size = 131

accuracy = 0.9743515849113464
score = 0.9625283770391639
