RAMDON_SEED = 1

frames_per_data = 7
data_split_percentage = 0.6
epochs = 500
batch_size = 261

accuracy = 0.9957913160324097
score = 0.9967112331926822
