RAMDON_SEED = 1

data_divide_amount = 5
frames_per_data = 25
data_split_percentage = 0.6
epochs = 2882
batch_size = 26017

cost_time = 0:07:00.464328
accuracy = 0.9957336187362671
score = 0.9971632606704907
