RAMDON_SEED = 2

data_divide_amount = 1
frames_per_data = 11

epochs = 30000
batch_size = 87075

cost_time: 0:11:10.328031
validation_loss: 5.389157772064209
validation_accuracy: 0.062242668122053146
original_loss (all data): 4.964883327484131
original_accuracy (all data): 0.06078904867172241

Score by 'last' model: 0.07143774145516159
Score by 'min val_loss' model: 0.04626425220671164
Score by 'max val_accuracy' model: 0.07182327689021752
