RAMDON_SEED = 1

frames_per_data = 7
data_split_percentage = 0.6
epochs = 100
batch_size = 36

accuracy = 0.98069167137146
score = 0.9673735921892718
