RAMDON_SEED = 1

EPOCHS = 100
BATCH_SIZE = 30000
PATIENCE = 100

data_divide_amount = 1
frames_per_data = 25

cost_time: 0:01:07.287524

Score by 'last' model: 0.45236230733797916
Score by 'min val_loss' model: 0.45574541944368724
Score by 'max val_accuracy' model: 0.4557736120445682
