RAMDON_SEED = 1

frames_per_data = 7
data_split_percentage = 0.6
epochs = 1000
batch_size = 11

accuracy = 0.9867435097694397
score = 0.9900467998651888
